{
    "camera_angle_x": 0.9143114394141546,
    "camera_angle_y": 0.7068829628880662,
    "fl_x": 4098.3,
    "fl_y": 4098.3,
    "k1": 0.0956855,
    "k2": 0,
    "p1": 0,
    "p2": 0,
    "cx": 2016.0,
    "cy": 1512.0,
    "w": 4032.0,
    "h": 3024.0,
    "aabb_scale": 16,
    "frames": [
        {
            "file_path": "images/IMG_3063.jpg",
            "sharpness": 38.56744355662298,
            "transform_matrix": [
                [
                    -0.05311790077232358,
                    0.95786064658917,
                    -0.2822780958695677,
                    -0.9911019210317875
                ],
                [
                    0.9597526363519864,
                    -0.029096328366911634,
                    -0.27933542056118904,
                    -0.7961909612245358
                ],
                [
                    -0.2757777059065234,
                    -0.2857548573877075,
                    -0.9177637359804915,
                    -3.2548086920083223
                ],
                [
                    0.0,
                    0.0,
                    0.0,
                    1.0
                ]
            ]
        },
        {
            "file_path": "images/IMG_3024.jpg",
            "sharpness": 67.17126982706228,
            "transform_matrix": [
                [
                    -0.6039007062828357,
                    0.7426662939303905,
                    -0.2893929091508159,
                    -1.1811451875331151
                ],
                [
                    0.2767723343779394,
                    -0.14509454291897067,
                    -0.9499177897250797,
                    -4.203152001201992
                ],
                [
                    -0.7474622889581424,
                    -0.6537521289764359,
                    -0.11792586702920504,
                    -0.32105595456501435
                ],
                [
                    0.0,
                    0.0,
                    0.0,
                    1.0
                ]
            ]
        },
        {
            "file_path": "images/IMG_3058.jpg",
            "sharpness": 33.10083837392513,
            "transform_matrix": [
                [
                    -0.08469507917641583,
                    -0.5303840636877512,
                    -0.8435162850609866,
                    -3.1857536747021604
                ],
                [
                    0.9801284342504344,
                    -0.19674437217252272,
                    0.025296573812579992,
                    0.197854038869091
                ],
                [
                    -0.1793739582795956,
                    -0.824611805667767,
                    0.5365077772695689,
                    1.8356536036871616
                ],
                [
                    0.0,
                    0.0,
                    0.0,
                    1.0
                ]
            ]
        },
        {
            "file_path": "images/IMG_3028.jpg",
            "sharpness": 60.456544890038515,
            "transform_matrix": [
                [
                    0.492110946926741,
                    0.836174495957788,
                    0.24215886852193827,
                    1.0416353263079519
                ],
                [
                    0.2872300254639553,
                    0.10663301404981296,
                    -0.9519080521398713,
                    -4.270255152953123
                ],
                [
                    -0.8217825629184051,
                    0.5379995106317221,
                    -0.18769985341488382,
                    -0.743380427348633
                ],
                [
                    0.0,
                    0.0,
                    0.0,
                    1.0
                ]
            ]
        },
        {
            "file_path": "images/IMG_3054.jpg",
            "sharpness": 105.04804949957017,
            "transform_matrix": [
                [
                    -0.001642714880421005,
                    -0.8590449486404376,
                    0.5118973836387873,
                    1.845484339907259
                ],
                [
                    0.9827409818579902,
                    0.09330402647427724,
                    0.15973243043428714,
                    0.6535176784653546
                ],
                [
                    -0.18497942633262307,
                    0.5033249309908651,
                    0.8440654047567595,
                    3.0911138807862453
                ],
                [
                    0.0,
                    0.0,
                    0.0,
                    1.0
                ]
            ]
        },
        {
            "file_path": "images/IMG_3033.jpg",
            "sharpness": 64.72311789280424,
            "transform_matrix": [
                [
                    0.6019018523778632,
                    -0.728072205936036,
                    0.3280627830642656,
                    1.3411715281084249
                ],
                [
                    0.5740535788722664,
                    0.10889945519431275,
                    -0.8115439786865775,
                    -3.6548190669371254
                ],
                [
                    0.5551368297058225,
                    0.676795327781018,
                    0.4834991761352417,
                    2.017060126805007
                ],
                [
                    0.0,
                    0.0,
                    0.0,
                    1.0
                ]
            ]
        },
        {
            "file_path": "images/IMG_3031.jpg",
            "sharpness": 52.38549309391294,
            "transform_matrix": [
                [
                    0.8785365717657616,
                    -0.1750389919447217,
                    0.44444895580197535,
                    1.8674665512386122
                ],
                [
                    0.4727898419608853,
                    0.1859080450368244,
                    -0.8613408043268058,
                    -3.809997093107716
                ],
                [
                    0.06814160300205924,
                    0.9668503395922334,
                    0.2460836620304436,
                    1.1246282329592767
                ],
                [
                    0.0,
                    0.0,
                    0.0,
                    1.0
                ]
            ]
        },
        {
            "file_path": "images/IMG_3030.jpg",
            "sharpness": 49.51940975004538,
            "transform_matrix": [
                [
                    0.8848887181563989,
                    0.11389381984776287,
                    0.45166376299998295,
                    1.940311772918733
                ],
                [
                    0.42748055434516996,
                    0.18658550204275665,
                    -0.8845599054648078,
                    -4.006812312274216
                ],
                [
                    -0.1850198162829518,
                    0.9758145565558574,
                    0.1164200123019663,
                    0.5181838434935285
                ],
                [
                    0.0,
                    0.0,
                    0.0,
                    1.0
                ]
            ]
        },
        {
            "file_path": "images/IMG_3053.jpg",
            "sharpness": 73.5817447179432,
            "transform_matrix": [
                [
                    -0.012439109265738038,
                    -0.6452658119996638,
                    0.7638569691904032,
                    2.780273395056656
                ],
                [
                    0.9809295583572134,
                    0.14030985635013946,
                    0.13450045585605525,
                    0.5356050741287235
                ],
                [
                    -0.1939652054644692,
                    0.7509629460950944,
                    0.6312149779916448,
                    2.338911133264468
                ],
                [
                    0.0,
                    0.0,
                    0.0,
                    1.0
                ]
            ]
        },
        {
            "file_path": "images/IMG_3055.jpg",
            "sharpness": 118.24224864041246,
            "transform_matrix": [
                [
                    -0.0023855002869739767,
                    -0.9808021219580096,
                    0.19499105747523296,
                    0.717413112992563
                ],
                [
                    0.9854001895201647,
                    0.03088941926611581,
                    0.1674286936317417,
                    0.7116848810310898
                ],
                [
                    -0.1702375789188189,
                    0.19254362487433022,
                    0.9664089103001579,
                    3.519932017794863
                ],
                [
                    0.0,
                    0.0,
                    0.0,
                    1.0
                ]
            ]
        },
        {
            "file_path": "images/IMG_3052.jpg",
            "sharpness": 39.87383274097425,
            "transform_matrix": [
                [
                    -0.01571348273423387,
                    -0.31714628924014965,
                    0.9482468548612358,
                    3.4495326874923995
                ],
                [
                    0.9805844649418837,
                    0.18050842362481953,
                    0.0766215785514631,
                    0.3194111460859215
                ],
                [
                    -0.19546677951440516,
                    0.9310401302894556,
                    0.3081523058175866,
                    1.1853073108217689
                ],
                [
                    0.0,
                    0.0,
                    0.0,
                    1.0
                ]
            ]
        },
        {
            "file_path": "images/IMG_3048.jpg",
            "sharpness": 32.64245229766101,
            "transform_matrix": [
                [
                    -0.03327238624457462,
                    0.8881277362057338,
                    0.4583939704911414,
                    1.7071805377499298
                ],
                [
                    0.9814259069285263,
                    0.11573564130363204,
                    -0.15299824658372788,
                    -0.5432109067293955
                ],
                [
                    -0.18893442686668785,
                    0.444789105517008,
                    -0.8754823825582883,
                    -3.237084651519096
                ],
                [
                    0.0,
                    0.0,
                    0.0,
                    1.0
                ]
            ]
        },
        {
            "file_path": "images/IMG_3037.jpg",
            "sharpness": 47.14504950238003,
            "transform_matrix": [
                [
                    0.07360350466459871,
                    -0.9965969271045577,
                    0.037109146941565266,
                    0.006037091012272202
                ],
                [
                    0.29435632669562223,
                    -0.013842783073603345,
                    -0.9555954683875219,
                    -3.971582443179059
                ],
                [
                    0.9528572012561558,
                    0.08125849042723114,
                    0.29233573325685575,
                    1.2499274541567822
                ],
                [
                    0.0,
                    0.0,
                    0.0,
                    1.0
                ]
            ]
        },
        {
            "file_path": "images/IMG_3027.jpg",
            "sharpness": 57.51719859567491,
            "transform_matrix": [
                [
                    0.19613041981850124,
                    0.9754424603459443,
                    0.10022192256184431,
                    0.49117730032957
                ],
                [
                    0.24645704960731654,
                    0.04988909562368278,
                    -0.9678687208309278,
                    -4.252009163839697
                ],
                [
                    -0.9491004105536259,
                    0.21452891594062057,
                    -0.23061973859856108,
                    -0.920648194969338
                ],
                [
                    0.0,
                    0.0,
                    0.0,
                    1.0
                ]
            ]
        },
        {
            "file_path": "images/IMG_3047.jpg",
            "sharpness": 41.3637146730057,
            "transform_matrix": [
                [
                    -0.04455482637282519,
                    0.9940720988311691,
                    0.09919440202117412,
                    0.37102077647351456
                ],
                [
                    0.9855127388558667,
                    0.060000708888447524,
                    -0.15863342118881132,
                    -0.6115065701648782
                ],
                [
                    -0.1636447220921895,
                    0.09068946405155015,
                    -0.9823440481682862,
                    -3.7477562595924807
                ],
                [
                    0.0,
                    0.0,
                    0.0,
                    1.0
                ]
            ]
        },
        {
            "file_path": "images/IMG_3034.jpg",
            "sharpness": 66.27248125457815,
            "transform_matrix": [
                [
                    0.44830578857652903,
                    -0.8553078473977042,
                    0.25975033279888554,
                    1.0529114829136736
                ],
                [
                    0.5969998030256867,
                    0.07021514238593213,
                    -0.7991624526134609,
                    -3.648273622614331
                ],
                [
                    0.6652914346272997,
                    0.5133402211986011,
                    0.5420965349003949,
                    2.2506199534197573
                ],
                [
                    0.0,
                    0.0,
                    0.0,
                    1.0
                ]
            ]
        },
        {
            "file_path": "images/IMG_3042.jpg",
            "sharpness": 57.92601361085024,
            "transform_matrix": [
                [
                    0.6319405228801596,
                    0.7691315279519282,
                    0.09534341215723609,
                    0.3722090646233836
                ],
                [
                    -0.006757641464931695,
                    0.12848412052129005,
                    -0.9916891791626038,
                    -4.353720295753725
                ],
                [
                    -0.7749884366597075,
                    0.6260438872587357,
                    0.08639052013493735,
                    0.4124512510995876
                ],
                [
                    0.0,
                    0.0,
                    0.0,
                    1.0
                ]
            ]
        },
        {
            "file_path": "images/IMG_3035.jpg",
            "sharpness": 62.97048092510599,
            "transform_matrix": [
                [
                    0.25843388470324224,
                    -0.9504737708243999,
                    0.17266003238992536,
                    0.7206944668973543
                ],
                [
                    0.6067845533317108,
                    0.020640510049267306,
                    -0.7945980327001925,
                    -3.5997625101048647
                ],
                [
                    0.7516807742384886,
                    0.3101186023864472,
                    0.5820670271929603,
                    2.3899677911549495
                ],
                [
                    0.0,
                    0.0,
                    0.0,
                    1.0
                ]
            ]
        },
        {
            "file_path": "images/IMG_3046.jpg",
            "sharpness": 40.699143506300345,
            "transform_matrix": [
                [
                    0.29069515538853824,
                    -0.9184011660140762,
                    -0.2683946280543716,
                    -1.97104716340181
                ],
                [
                    0.9386001701267478,
                    0.32818643283049354,
                    -0.10641152284485371,
                    -2.8078286658902263
                ],
                [
                    0.1858119134925735,
                    -0.22098193284899478,
                    0.9574136742042925,
                    12.936541599756048
                ],
                [
                    0.0,
                    0.0,
                    0.0,
                    1.0
                ]
            ]
        },
        {
            "file_path": "images/IMG_3038.jpg",
            "sharpness": 52.664082540726966,
            "transform_matrix": [
                [
                    -0.4086758248222398,
                    -0.9125963059976441,
                    -0.012327881924119495,
                    -0.15258736796423078
                ],
                [
                    0.28429725544834,
                    -0.11445433723158221,
                    -0.9518796162728618,
                    -4.10837582478996
                ],
                [
                    0.8672708103742273,
                    -0.39251507275774505,
                    0.3062233861824753,
                    1.3472261765972688
                ],
                [
                    0.0,
                    0.0,
                    0.0,
                    1.0
                ]
            ]
        },
        {
            "file_path": "images/IMG_3036.jpg",
            "sharpness": 62.766447961567636,
            "transform_matrix": [
                [
                    0.057883055502546375,
                    -0.9962345278606597,
                    0.0645470299296771,
                    0.21543186479366916
                ],
                [
                    0.6097898687572083,
                    -0.015910709331109867,
                    -0.7924035540019286,
                    -3.5577696438409543
                ],
                [
                    0.7904467692066014,
                    0.08522684470313592,
                    0.6065727619751391,
                    2.536706685359552
                ],
                [
                    0.0,
                    0.0,
                    0.0,
                    1.0
                ]
            ]
        },
        {
            "file_path": "images/IMG_3049.jpg",
            "sharpness": 36.33928695817427,
            "transform_matrix": [
                [
                    -0.027673724676745524,
                    0.6864028643629997,
                    0.726695890209814,
                    2.7083745940709876
                ],
                [
                    0.9802932393464293,
                    0.16088582742587504,
                    -0.11463389526987844,
                    -0.3870762552766529
                ],
                [
                    -0.1956000579971242,
                    0.7092027250496445,
                    -0.6773284049161884,
                    -2.498017090820449
                ],
                [
                    0.0,
                    0.0,
                    0.0,
                    1.0
                ]
            ]
        },
        {
            "file_path": "images/IMG_3045.jpg",
            "sharpness": 44.74559957932792,
            "transform_matrix": [
                [
                    0.5186292510532009,
                    -0.8514276212535079,
                    0.07806839203423466,
                    0.23060024670328794
                ],
                [
                    0.27229585355897984,
                    0.07792658498954483,
                    -0.9590528023455359,
                    -4.228794080081693
                ],
                [
                    0.8104804297726454,
                    0.5186505864637617,
                    0.27225523375302046,
                    1.273661526591686
                ],
                [
                    0.0,
                    0.0,
                    0.0,
                    1.0
                ]
            ]
        },
        {
            "file_path": "images/IMG_3041.jpg",
            "sharpness": 54.43627185767209,
            "transform_matrix": [
                [
                    -0.42203626017218765,
                    0.9052541112869862,
                    -0.048974790016527284,
                    -0.1748177031245249
                ],
                [
                    -0.06294925872866532,
                    -0.08315319653811447,
                    -0.9945461385889771,
                    -4.278334497615205
                ],
                [
                    -0.9043902030506563,
                    -0.41665170867765405,
                    0.09207973192611378,
                    0.4136725022818404
                ],
                [
                    0.0,
                    0.0,
                    0.0,
                    1.0
                ]
            ]
        },
        {
            "file_path": "images/IMG_3040.jpg",
            "sharpness": 58.46778738499556,
            "transform_matrix": [
                [
                    -0.8716708950457835,
                    0.4815757415575523,
                    -0.09096951688020521,
                    -0.4949127959356928
                ],
                [
                    0.007633259685699572,
                    -0.17225367524395507,
                    -0.9850232833364315,
                    -4.298007061292826
                ],
                [
                    -0.49003280387216674,
                    -0.8593103707301045,
                    0.14647209610159956,
                    0.5538494559594068
                ],
                [
                    0.0,
                    0.0,
                    0.0,
                    1.0
                ]
            ]
        },
        {
            "file_path": "images/IMG_3039.jpg",
            "sharpness": 48.541246470546255,
            "transform_matrix": [
                [
                    -0.9164135775918916,
                    -0.39335736704002966,
                    -0.0738628918742247,
                    -0.34440828562496933
                ],
                [
                    0.16487346963210328,
                    -0.20286279342013788,
                    -0.9652268929495962,
                    -4.1276845122100125
                ],
                [
                    0.3646948985283307,
                    -0.896725268299689,
                    0.2507606355093009,
                    1.1071591088409023
                ],
                [
                    0.0,
                    0.0,
                    0.0,
                    1.0
                ]
            ]
        },
        {
            "file_path": "images/IMG_3044.jpg",
            "sharpness": 57.15603204009423,
            "transform_matrix": [
                [
                    0.794443326154218,
                    -0.5920437021034629,
                    0.13544046775142773,
                    0.6142644889356976
                ],
                [
                    0.2558804494612892,
                    0.12403356639365432,
                    -0.9587184011048555,
                    -4.303038066502023
                ],
                [
                    0.550804054957357,
                    0.7963039512908168,
                    0.25003001506308853,
                    1.2692923654259853
                ],
                [
                    0.0,
                    0.0,
                    0.0,
                    1.0
                ]
            ]
        },
        {
            "file_path": "images/IMG_3029.jpg",
            "sharpness": 63.23047856499341,
            "transform_matrix": [
                [
                    0.7358618497250757,
                    0.5675344764271926,
                    0.3693408046086198,
                    1.6127104109835688
                ],
                [
                    0.34307985531222845,
                    0.1577637434228091,
                    -0.9259627725932825,
                    -4.200034113655421
                ],
                [
                    -0.5837840979797914,
                    0.8080939767271526,
                    -0.07861757720110868,
                    -0.26584413491304754
                ],
                [
                    0.0,
                    0.0,
                    0.0,
                    1.0
                ]
            ]
        },
        {
            "file_path": "images/IMG_3043.jpg",
            "sharpness": 58.87339910204494,
            "transform_matrix": [
                [
                    0.9479726822979454,
                    0.2928704860824796,
                    0.12478607605964506,
                    0.5903874326535026
                ],
                [
                    0.07342348777147424,
                    0.18027227833138026,
                    -0.9808715130207976,
                    -4.404028004698186
                ],
                [
                    -0.3097651397097176,
                    0.9390025923791964,
                    0.14939128245865765,
                    0.7231460543224993
                ],
                [
                    0.0,
                    0.0,
                    0.0,
                    1.0
                ]
            ]
        },
        {
            "file_path": "images/IMG_3032.jpg",
            "sharpness": 67.89944979027963,
            "transform_matrix": [
                [
                    0.7857917665163153,
                    -0.4665021654684643,
                    0.4060875908249834,
                    1.6639327098010726
                ],
                [
                    0.5262673989425022,
                    0.1593833754296312,
                    -0.835248252364102,
                    -3.7131584665669206
                ],
                [
                    0.32492155199589084,
                    0.8700418165247278,
                    0.3707469861055506,
                    1.5884386592694166
                ],
                [
                    0.0,
                    0.0,
                    0.0,
                    1.0
                ]
            ]
        },
        {
            "file_path": "images/IMG_3019.jpg",
            "sharpness": 58.4803047590827,
            "transform_matrix": [
                [
                    -0.7329389746552355,
                    -0.6127967324202129,
                    -0.2954333219084789,
                    -1.225276880649074
                ],
                [
                    0.5053686703761238,
                    -0.1997357317368067,
                    -0.8394690886026629,
                    -3.792680307494501
                ],
                [
                    0.45541541559395154,
                    -0.7645822705636199,
                    0.4560822861937712,
                    1.8503240996309656
                ],
                [
                    0.0,
                    0.0,
                    0.0,
                    1.0
                ]
            ]
        },
        {
            "file_path": "images/IMG_3026.jpg",
            "sharpness": 56.70478801772101,
            "transform_matrix": [
                [
                    -0.16074620595014721,
                    0.984727222761277,
                    -0.06686594547728136,
                    -0.2384218782900385
                ],
                [
                    0.23895174011171744,
                    -0.026904417648706304,
                    -0.970658335272214,
                    -4.253018524511479
                ],
                [
                    -0.957633479018726,
                    -0.1720073844039696,
                    -0.2309767861904852,
                    -0.8860102710416777
                ],
                [
                    0.0,
                    0.0,
                    0.0,
                    1.0
                ]
            ]
        },
        {
            "file_path": "images/IMG_3025.jpg",
            "sharpness": 57.65051675661588,
            "transform_matrix": [
                [
                    -0.4009671862681503,
                    0.8964083165533153,
                    -0.1888926659344112,
                    -0.7842541416928872
                ],
                [
                    0.2504075052004096,
                    -0.09109455580863839,
                    -0.9638458651242203,
                    -4.215872824725927
                ],
                [
                    -0.8812052806871365,
                    -0.4337706086874595,
                    -0.18794256651982671,
                    -0.6467976196503038
                ],
                [
                    0.0,
                    0.0,
                    0.0,
                    1.0
                ]
            ]
        },
        {
            "file_path": "images/IMG_3022.jpg",
            "sharpness": 64.18210060600896,
            "transform_matrix": [
                [
                    -0.8832848971460495,
                    0.2596649895115594,
                    -0.39036005205214336,
                    -1.5657327840215796
                ],
                [
                    0.34258900378143997,
                    -0.21093055217899562,
                    -0.9155002429280342,
                    -4.0537799161853405
                ],
                [
                    -0.32006260537578424,
                    -0.9423807331799249,
                    0.09735374981363928,
                    0.4983622809755379
                ],
                [
                    0.0,
                    0.0,
                    0.0,
                    1.0
                ]
            ]
        },
        {
            "file_path": "images/IMG_3020.jpg",
            "sharpness": 62.322837924702334,
            "transform_matrix": [
                [
                    -0.8891234725091439,
                    -0.2621558139973876,
                    -0.37514593148548225,
                    -1.5137240986837919
                ],
                [
                    0.4345647036424322,
                    -0.22644515978190133,
                    -0.8717089607498456,
                    -3.9236304870397265
                ],
                [
                    0.14357387915828926,
                    -0.9380819019094243,
                    0.31526110423073667,
                    1.3303155123865225
                ],
                [
                    0.0,
                    0.0,
                    0.0,
                    1.0
                ]
            ]
        },
        {
            "file_path": "images/IMG_2996.jpg",
            "sharpness": 75.88442665123672,
            "transform_matrix": [
                [
                    -0.1443798007169139,
                    -0.9278121605084608,
                    -0.3439753665647691,
                    -1.373236065990486
                ],
                [
                    0.9849811210821117,
                    -0.10148916629998178,
                    -0.13968586068124875,
                    -0.508406999257111
                ],
                [
                    0.0946924641099426,
                    -0.3589770588552255,
                    0.9285304485991988,
                    3.630385217406953
                ],
                [
                    0.0,
                    0.0,
                    0.0,
                    1.0
                ]
            ]
        },
        {
            "file_path": "images/IMG_3016.jpg",
            "sharpness": 62.266523315779374,
            "transform_matrix": [
                [
                    -0.16950080937601922,
                    -0.9850106957503684,
                    -0.03199105371198389,
                    -0.1574577501168423
                ],
                [
                    0.5775182929166441,
                    -0.07297143478250646,
                    -0.8131101315687262,
                    -3.5780780913600383
                ],
                [
                    0.7985877503876415,
                    -0.15629821500371302,
                    0.5812304057192795,
                    2.297068193439475
                ],
                [
                    0.0,
                    0.0,
                    0.0,
                    1.0
                ]
            ]
        },
        {
            "file_path": "images/IMG_3023.jpg",
            "sharpness": 61.224178946329175,
            "transform_matrix": [
                [
                    -0.8014252671342037,
                    0.47825844829194253,
                    -0.35914333543508775,
                    -1.4379326946531583
                ],
                [
                    0.308392083950696,
                    -0.184061994891339,
                    -0.9332816124714506,
                    -4.09226745960033
                ],
                [
                    -0.5124554883074689,
                    -0.8587127001269221,
                    2.1746743102460206e-05,
                    0.10352572132392113
                ],
                [
                    0.0,
                    0.0,
                    0.0,
                    1.0
                ]
            ]
        },
        {
            "file_path": "images/IMG_3014.jpg",
            "sharpness": 34.34991093385653,
            "transform_matrix": [
                [
                    0.12806902979159476,
                    0.8815141284143154,
                    0.4544587829222903,
                    1.7158160102798194
                ],
                [
                    0.8771204044845826,
                    0.11319443243224607,
                    -0.46674069999514145,
                    -1.7130597135201968
                ],
                [
                    -0.46288042139052593,
                    0.45839009944512,
                    -0.7586974299759685,
                    -2.8835794439180944
                ],
                [
                    0.0,
                    0.0,
                    0.0,
                    1.0
                ]
            ]
        },
        {
            "file_path": "images/IMG_3017.jpg",
            "sharpness": 63.73209221479114,
            "transform_matrix": [
                [
                    -0.3514506575691846,
                    -0.9298933891594555,
                    -0.10853859725045412,
                    -0.5217475960720371
                ],
                [
                    0.5651612677056291,
                    -0.11830323954419675,
                    -0.8164537539398834,
                    -3.6129753804596576
                ],
                [
                    0.7463744448265832,
                    -0.3482851017768267,
                    0.56711751327577,
                    2.223468237638704
                ],
                [
                    0.0,
                    0.0,
                    0.0,
                    1.0
                ]
            ]
        },
        {
            "file_path": "images/IMG_3015.jpg",
            "sharpness": 62.22693716747017,
            "transform_matrix": [
                [
                    0.05663793010749601,
                    -0.9965167222883725,
                    0.061209211312565986,
                    0.12002107464350979
                ],
                [
                    0.5872060541330519,
                    -0.016333704725744864,
                    -0.8092727117063637,
                    -3.538154317839602
                ],
                [
                    0.8074535631923967,
                    0.081777945647684,
                    0.5842355452767978,
                    2.337362905138202
                ],
                [
                    0.0,
                    0.0,
                    0.0,
                    1.0
                ]
            ]
        },
        {
            "file_path": "images/IMG_3018.jpg",
            "sharpness": 68.06347141132348,
            "transform_matrix": [
                [
                    -0.5488108328676992,
                    -0.8129684719187572,
                    -0.19465166610490714,
                    -0.8320631515932916
                ],
                [
                    0.5376051694247087,
                    -0.1649321653452859,
                    -0.8269090830076317,
                    -3.667187690961038
                ],
                [
                    0.6401468299622833,
                    -0.5584622054794681,
                    0.5275724786748295,
                    2.1485606358601386
                ],
                [
                    0.0,
                    0.0,
                    0.0,
                    1.0
                ]
            ]
        },
        {
            "file_path": "images/IMG_3008.jpg",
            "sharpness": 33.005110884962555,
            "transform_matrix": [
                [
                    -0.23808724348682386,
                    0.7301907888205448,
                    -0.6404197504796741,
                    -2.5777166713300206
                ],
                [
                    0.8804843611542433,
                    -0.11604921046006843,
                    -0.4596519673700486,
                    -1.6985521992001267
                ],
                [
                    -0.40995354788427324,
                    -0.673316845261143,
                    -0.6152918302813821,
                    -2.2389092024077293
                ],
                [
                    0.0,
                    0.0,
                    0.0,
                    1.0
                ]
            ]
        },
        {
            "file_path": "images/IMG_3012.jpg",
            "sharpness": 35.953697698522355,
            "transform_matrix": [
                [
                    -0.0056639387015519765,
                    0.9988000886911318,
                    0.04864766911539601,
                    0.10569448093386657
                ],
                [
                    0.865135245859951,
                    0.029292265379066425,
                    -0.5006825155639579,
                    -1.880418594671288
                ],
                [
                    -0.5015066861224078,
                    0.039250977911061434,
                    -0.8642630885420158,
                    -3.3824946357616477
                ],
                [
                    0.0,
                    0.0,
                    0.0,
                    1.0
                ]
            ]
        },
        {
            "file_path": "images/IMG_3009.jpg",
            "sharpness": 37.26907441329265,
            "transform_matrix": [
                [
                    -0.16761776936564365,
                    0.890055040150348,
                    -0.42391828503765683,
                    -1.7104184870412549
                ],
                [
                    0.8732437749135731,
